1,iPhone 14,电子产品,6999,100,1738454400,2,1679123456,10,1680123456,-5,5
2,三星Galaxy S23,电子产品,5999,150,1679123456,3,1679123456,15,1680123456,-10,1681123456,5,10
3,华为Mate 50,电子产品,4999,200,1738454400,2,1679123456,25,1680123456,-20,5
4,小米手环7,电子产品,299,500,1679123456,2,1679123456,30,1680123456,-15,10
5,联想ThinkPad X1,电脑,9999,50,1738454400,4,1679123456,5,1680123456,-2,1681123456,10,1682123456,15,5
6,戴尔XPS 15,电脑,8999,75,1679123456,2,1679123456,10,1680123456,-5,10
7,罗技G502,外设,499,300,1679123456,2,1679123456,5,1680123456,-3,5
8,索尼PlayStation 5,游戏机,3899,100,1679123456,2,1679123456,20,1680123456,-10,10
9,任天堂Switch,游戏机,2499,150,1679123456,1,1679123456,15,5
10,Xbox Series X,游戏机,3999,200,1679123456,2,1679123456,251680123456,,-15,10
11,耐克跑鞋,运动鞋,699,400,1738454400,2,1679123456,20,1680123456,-10,10
12,阿迪达斯足球鞋,运动鞋,799,350,1679123456,2,1679123456,30,1680123456,-15,5
13,New Balance运动鞋,运动鞋,599,450,1738454400,2,1679123456,25,1680123456,-20,10
14,亚瑟士跑鞋,运动鞋,599,500,1738454400,1,1679123456,15,5
15,Under Armour篮球鞋,运动鞋,799,300,1679123456,2,1679123456,10,1680123456,-5,10
16,彪马足球鞋,运动鞋,699,400,1679123456,2,1679123456,20,1680123456,-15,5
17,锐步篮球鞋,运动鞋,599,450,1679123456,2,1679123456,25,1680123456,-20,10
18,美津浓跑鞋,运动鞋,599,500,1679123456,2,1679123456,15,1680123456,-10,5
19,安德玛足球鞋,运动鞋,699,400,1738454400,2,1679123456,10,1680123456,-5,10
20,斯凯奇运动鞋,运动鞋,599,450,1679123456,2,1679123456,20,1680123456,-15,5
21,Gucci皮带,奢侈品,1999,200,1679123456,2,1679123456,10,1680123456,-5,10
22,LV手提包,奢侈品,3999,150,1679123456,2,1679123456,15,1680123456,-10,5
23,香奈儿香水,奢侈品,899,300,173845440,2,1679123456,5,1680123456,-3,5
24,爱马仕丝巾,奢侈品,2999,250,1679123456,1,1679123456,20,10
25,宝格丽项链,奢侈品,4999,100,1679123456,1,1679123456,10,5
26,飞利浦电动牙刷,个人护理,399,500,1679123456,2,1679123456,30,1680123456,-15,10
27,欧乐B牙刷头,个人护理,199,600,1679123456,1,1679123456,20,5
28,高露洁牙膏,个人护理,39,1000,1679123456,2,1679123456,50,1680123456,-25,10
29,舒肤佳香皂,个人护理,19,800,1679123456,2,1679123456,10,1680123456,-5,5
30,海飞丝洗发水,个人护理,99,700,1679123456,2,1679123456,30,1680123456,-15,10
31,乐高积木,玩具,299,400,1738454400,2,1679123456,20,1680123456,-10,10
32,芭比娃娃,玩具,199,500,1679123456,2,1679123456,15,1680123456,-5,5
33,变形金刚,玩具,399,300,1679123456,2,1679123456,25,1680123456,-20,10
34,费雪婴儿玩具,玩具,149,600,1679123456,2,1679123456,10,1680123456,-5,5
35,魔方,玩具,49,700,1679123456,2,1679123456,30,1680123456,-15,10
36,瑞士军刀,工具,299,200,1679123456,2,1679123456,10,1680123456,-5,5
37,电钻,工具,499,150,1738454400,2,1679123456,15,1680123456,-10,10
38,螺丝刀套装,工具,199,300,1738454400,2,1679123456,25,1680123456,-20,5
39,电锯,工具,999,100,1679123456,2,1679123456,10,1680123456,-5,10
40,水平仪,工具,149,250,1679123456,2,1679123456,20,1680123456,-15,5
41,橄榄油,食品,99,500,1679123456,2,1679123456,30,1680123456,-15,10
42,红酒,食品,199,300,1679123456,2,1679123456,20,1680123456,-10,5
43,巧克力,食品,39,400,1679123456,2,1679123456,50,1680123456,-25,10
44,牛奶,食品,29,600,1738454400,2,1679123456,10,1680123456,-5,5
45,面包,食品,19,700,1738454400,2,1679123456,30,1680123456,-15,10
46,苹果,生鲜,29,600,1738454400,2,1679123456,30,1680123456,-15,10
47,香蕉,生鲜,19,700,1738454400,1,1679123456,20,1680123456,-10,5
48,牛肉,生鲜,99,500,1679123456,2,1679123456,50,1680123456,-25,10
49,三文鱼,生鲜,149,400,1679123456,2,1679123456,10,1680123456,-5,5
50,鸡蛋,生鲜,29,800,1679123456,2,1679123456,30,1680123456,-15,10